        A               R               N               D               C               Q               E               G               H               I               L               K               M               F               P               S               T               W               Y               V
A        5.893685       -2.120252       -2.296072       -2.630151       -0.612761       -1.206025       -1.295821        0.239392       -2.437724       -1.982718       -2.196882       -1.101017       -1.402897       -3.315080       -1.221394        1.673639       -0.068042       -3.790328       -2.646022       -0.284140
R       -2.120252        8.210189       -0.659672       -2.408668       -5.083814        1.474162       -0.173087       -3.456163       -0.374792       -4.485360       -3.231860        3.163105       -2.050705       -4.179521       -3.162863       -1.147170       -1.683495       -4.019108       -2.540799       -3.753871
N       -2.296072       -0.659672        8.479856        1.907550       -3.989626        0.002529       -0.402015       -0.634136        0.867735       -4.825558       -5.068375       -0.268534       -3.226290       -4.491005       -3.000581        0.901353       -0.069138       -5.543911       -3.122641       -4.314525
D       -2.630151       -2.408668        1.907550        8.661363       -5.189966       -0.470069        2.265459       -1.970281       -1.678363       -4.681732       -5.408471       -1.052724       -4.587785       -5.225795       -2.220163       -0.391548       -1.576054       -6.321502       -4.597428       -4.713963
C       -0.612761       -5.083814       -3.989626       -5.189966       12.873172       -4.352838       -5.418729       -3.750621       -4.481724       -1.841495       -1.916207       -4.554510       -2.129758       -3.563219       -4.192770       -1.312485       -1.299983       -3.456164       -3.610671       -1.211518
Q       -1.206025        1.474162        0.002529       -0.470069       -4.352838        7.927704        2.781955       -2.677743        0.672051       -4.154454       -3.200863        1.908859       -0.631437       -4.746598       -1.922917       -0.151708       -1.012997       -2.919725       -2.131601       -3.297575
E       -1.295821       -0.173087       -0.402015        2.265459       -5.418729        2.781955        7.354247       -3.165266       -0.176497       -4.791538       -4.269723        1.163010       -2.997038       -4.788639       -1.674258       -0.220375       -1.294878       -4.253197       -3.030688       -3.663425
G        0.239392       -3.456163       -0.634136       -1.970281       -3.750621       -2.677743       -3.165266        8.344902       -3.061315       -5.587336       -5.440437       -2.291924       -4.014898       -4.661029       -3.200320       -0.438748       -2.363065       -3.737232       -4.559647       -4.708118
H       -2.437724       -0.374792        0.867735       -1.678363       -4.481724        0.672051       -0.176497       -3.061315       11.266586       -4.847345       -4.180099       -1.081539       -2.326896       -1.851231       -3.241363       -1.322366       -2.528844       -3.513238        2.538948       -4.676220
I       -1.982718       -4.485360       -4.825558       -4.681732       -1.841495       -4.154454       -4.791538       -5.587336       -4.847345        5.997760        2.282412       -4.005209        1.690191       -0.241317       -4.135001       -3.522266       -1.076382       -3.870811       -1.997058        3.820569
L       -2.196882       -3.231860       -5.068375       -5.408471       -1.916207       -3.200863       -4.269723       -5.440437       -4.180099        2.282412        5.774148       -3.670219        2.987638        0.622170       -4.290107       -3.663923       -1.796229       -2.447829       -1.593097        1.182672
K       -1.101017        3.163105       -0.268534       -1.052724       -4.554510        1.908859        1.163010       -2.291924       -1.081539       -4.005209       -3.670219        6.756827       -2.032119       -4.618016       -1.520445       -0.305170       -1.004336       -4.434676       -2.730047       -3.393535
M       -1.402897       -2.050705       -3.226290       -4.587785       -2.129758       -0.631437       -2.997038       -4.014898       -2.326896        1.690191        2.987638       -2.032119        8.088951        0.018880       -3.714633       -2.221304       -0.999449       -2.137255       -1.492308        1.030861
F       -3.315080       -4.179521       -4.491005       -5.225795       -3.563219       -4.746598       -4.788639       -4.661029       -1.851231       -0.241317        0.622170       -4.618016        0.018880        9.069126       -5.395930       -3.553533       -3.161436        1.376341        4.408690       -1.273542
P       -1.221394       -3.162863       -3.000581       -2.220163       -4.192770       -1.922917       -1.674258       -3.200320       -3.241363       -4.135001       -4.290107       -1.520445       -3.714633       -5.395930       11.046892       -1.213470       -1.612919       -5.481260       -4.379667       -3.523054
S        1.673639       -1.147170        0.901353       -0.391548       -1.312485       -0.151708       -0.220375       -0.438748       -1.322366       -3.522266       -3.663923       -0.305170       -2.221304       -3.553533       -1.213470        5.826527        2.071710       -4.127804       -2.528713       -2.469318
T       -0.068042       -1.683495       -0.069138       -1.576054       -1.299983       -1.012997       -1.294878       -2.363065       -2.528844       -1.076382       -1.796229       -1.004336       -0.999449       -3.161436       -1.612919        2.071710        6.817956       -3.643382       -2.408996       -0.083276
W       -3.790328       -4.019108       -5.543911       -6.321502       -3.456164       -2.919725       -4.253197       -3.737232       -3.513238       -3.870811       -2.447829       -4.434676       -2.137255        1.376341       -5.481260       -4.127804       -3.643382       15.756041        3.231335       -4.251392
Y       -2.646022       -2.540799       -3.122641       -4.597428       -3.610671       -2.131601       -3.030688       -4.559647        2.538948       -1.997058       -1.593097       -2.730047       -1.492308        4.408690       -4.379667       -2.528713       -2.408996        3.231335        9.892544       -1.811267
V       -0.284140       -3.753871       -4.314525       -4.713963       -1.211518       -3.297575       -3.663425       -4.708118       -4.676220        3.820569        1.182672       -3.393535        1.030861       -1.273542       -3.523054       -2.469318       -0.083276       -4.251392       -1.811267        5.653391