        W       Y       F       V       L       I       M       C       P       S       T       G       A       N       D       Q       E       R       H       K
W       0       17      17      23      19      22      21      25      23      19      22      24      23      21      24      22      24      15      20      20
Y       17      7       10      19      18      18      19      17      22      20      20      22      20      19      21      21      21      21      17      21
F       17      10      8       18      15      16      17      21      22      20      20      22      21      21      23      22      22      21      19      22
V       23      19      18      13      15      13      15      19      18      18      17      18      17      19      19      19      19      19      19      19
L       19      18      15      15      11      15      13      23      20      20      19      21      19      20      21      19      20      20      19      20
I       22      18      16      13      15      12      15      19      19      18      17      20      18      19      19      19      19      19      19      19
M       21      19      17      15      13      15      11      22      19      19      18      20      18      19      20      18      19      17      19      17
C       25      17      21      19      23      19      22      5       20      17      19      20      19      21      22      22      22      21      20      22
P       23      22      22      18      20      19      19      20      11      16      17      18      16      18      18      17      18      17      17      18
S       19      20      20      18      20      18      19      17      16      15      16      16      16      16      17      18      17      17      18      17
T       22      20      20      17      19      17      18      19      17      16      14      17      16      17      17      18      17      18      18      17
G       24      22      22      18      21      20      20      20      18      16      17      12      16      17      16      18      17      20      19      19
A       23      20      21      17      19      18      18      19      16      16      16      16      15      17      17      17      17      19      18      18
N       21      19      21      19      20      19      19      21      18      16      17      17      17      15      15      16      16      17      15      16
D       24      21      23      19      21      19      20      22      18      17      17      16      17      15      13      15      14      18      16      17
Q       22      21      22      19      19      19      18      22      17      18      18      18      17      16      15      13      15      16      14      16
E       24      21      22      19      20      19      19      22      18      17      17      17      17      16      14      15      13      18      16      17
R       15      21      21      19      20      19      17      21      17      17      18      20      19      17      18      16      18      11      15      14
H       20      17      19      19      19      19      19      20      17      18      18      19      18      15      16      14      16      15      11      17
K       20      21      22      19      20      19      17      22      18      17      17      19      18      16      17      16      17      14      17      12